# Created by Octave 3.8.1, Thu Aug 07 22:12:27 2014 CST <steven@steven-PC>
# name: X
# type: matrix
# rows: 20
# columns: 20
 0 0 0 0 0 0 0 0 0 0 0 0 0 0 0 0 0 0 0 0
 1 1 1 1 1 1 1 1 1 1 1 1 2 2 2 2 2 2 2 2
 1 1 1 1 1 1 1 2 2 2 2 2 2 2 2 3 2 3 3 3
 1 1 1 1 1 1 2 2 2 2 2 2 2 2 3 3 3 3 3 3
 1 1 1 1 1 2 2 2 2 2 2 3 3 3 3 3 4 4 5 5
 1 1 1 1 2 2 2 2 2 2 3 3 3 4 4 5 5 6 5 5
 1 1 1 2 2 2 2 2 3 3 3 4 5 5 5 6 6 7 7 7
 1 1 1 2 2 2 2 3 4 4 5 5 5 6 6 7 8 8 9 10
 1 1 1 2 2 3 3 4 4 5 6 7 7 8 7 8 9 10 10 11
 1 1 2 2 2 3 4 4 5 6 7 8 8 8 9 10 11 12 13 13
 1 1 2 2 3 4 5 6 6 7 7 9 9 9 11 12 12 13 15 15
 1 1 2 3 4 4 5 6 7 8 9 10 10 11 12 14 14 16 16 17
 1 1 2 3 4 5 6 7 8 9 10 11 12 13 14 15 16 16 18 19
 1 2 2 4 5 6 7 8 9 10 11 12 13 15 16 16 17 20 20 21
 1 2 3 4 5 7 8 8 10 11 12 14 15 16 17 19 20 22 23 24
 1 2 3 4 6 7 8 0 0 0 0 0 0 0 0 0 0 0 0 0
 0 0 0 0 0 0 0 0 0 0 0 0 0 0 0 0 0 0 0 0
 0 0 0 0 0 0 0 0 0 0 0 0 0 0 0 0 0 0 0 0
 0 0 0 0 0 0 0 0 0 0 0 0 0 0 0 0 0 0 0 0
 0 0 0 0 0 0 0 0 0 0 0 0 0 0 0 0 0 0 0 0


